Juan_Briceno
28534779
4144675164
30

Pedro_Rodriguez
5487962
4123456789
50

Carlos_Gonzalez
65987321
4245678901
79

Jorge_Fernandez
29765433
4045678901
100

Adrian_Lopez
31005725
4120001234
90

Enzo_Sanchez
32886403
4280005678
100

German_Perez
28956007
4011234567
90

Paul_Gomez
26986419
4122345678
80

Natalia_Martin
23561093
4244567890
90

Jesus_Rossi
30703948
4044567890
70

Karen_Romano
30680774
4015678901
50

Elyzabeth_Colombo
32932021
4126789012
60

Martha_Esposito
35787802
4247890123
70

Mijael_Schmidt
32849268
4048901234
70
