4012345678
4123456789
4245678901
4045678901
4120001234
4280005678
4011234567
4122345678
4244567890
4044567890
4015678901
4126789012
4247890123
4048901234
4129012345
4240123456
4011234567
4122345678
4244567890
4044567890
4015678901
4126789012
4247890123
4048901234
4129012345
4240123456
4011234567
4122345678
4244567890
4044567890
4015678901
4126789012
4247890123
4048901234
4129012345
4240123456
4011234567
4122345678
4244567890
4044567890
4015678901
4126789012
4247890123
4048901234
4129012345
4240123456
4011234567
4122345678
4244567890
4044567890
4015678901
4126789012
4247890123
4048901234
4129012345
4240123456
4011234567
4122345678
4244567890
4044567890
4015678901
4126789012
4247890123
4048901234
4129012345
4240123456
4011234567
4122345678
4244567890
4044567890
4015678901
4126789012
4247890123
4048901234
4129012345
4240123456